['[[[[6,6],[6,6]],[[6,0],[6,7]]],[[[7,7],[8,9]],[8,[8,1]]]]', '[2,9]']
------------------------
after addition:  [[[[[6, 6], [6, 6]], [[6, 0], [6, 7]]], [[[7, 7], [8, 9]], [8, [8, 1]]]], [2, 9]]
after explode:   [[[[0, [12, 6]], [[6, 0], [6, 7]]], [[[7, 7], [8, 9]], [8, [8, 1]]]], [2, 9]]
after explode:   [[[[12, 0], [[12, 0], [6, 7]]], [[[7, 7], [8, 9]], [8, [8, 1]]]], [2, 9]]
after explode:   [[[[12, 12], [0, [6, 7]]], [[[7, 7], [8, 9]], [8, [8, 1]]]], [2, 9]]
after explode:   [[[[12, 12], [6, 0]], [[[14, 7], [8, 9]], [8, [8, 1]]]], [2, 9]]
after explode:   [[[[12, 12], [6, 14]], [[0, [15, 9]], [8, [8, 1]]]], [2, 9]]
after explode:   [[[[12, 12], [6, 14]], [[15, 0], [17, [8, 1]]]], [2, 9]]
after explode:   [[[[12, 12], [6, 14]], [[15, 0], [25, 0]]], [3, 9]]
after split:     [[[[[6, 6], 12], [6, 14]], [[15, 0], [25, 0]]], [3, 9]]
after explode:   [[[[0, 18], [6, 14]], [[15, 0], [25, 0]]], [3, 9]]
after split:     [[[[0, [9, 9]], [6, 14]], [[15, 0], [25, 0]]], [3, 9]]
after explode:   [[[[9, 0], [15, 14]], [[15, 0], [25, 0]]], [3, 9]]
after split:     [[[[9, 0], [[7, 8], 14]], [[15, 0], [25, 0]]], [3, 9]]
after explode:   [[[[9, 7], [0, 22]], [[15, 0], [25, 0]]], [3, 9]]
after split:     [[[[9, 7], [0, [11, 11]]], [[15, 0], [25, 0]]], [3, 9]]
after explode:   [[[[9, 7], [11, 0]], [[26, 0], [25, 0]]], [3, 9]]
after split:     [[[[9, 7], [[5, 6], 0]], [[26, 0], [25, 0]]], [3, 9]]
after explode:   [[[[9, 12], [0, 6]], [[26, 0], [25, 0]]], [3, 9]]
after split:     [[[[9, [6, 6]], [0, 6]], [[26, 0], [25, 0]]], [3, 9]]
after explode:   [[[[15, 0], [6, 6]], [[26, 0], [25, 0]]], [3, 9]]
after split:     [[[[[7, 8], 0], [6, 6]], [[26, 0], [25, 0]]], [3, 9]]
after explode:   [[[[0, 8], [6, 6]], [[26, 0], [25, 0]]], [3, 9]]
after split:     [[[[0, 8], [6, 6]], [[[13, 13], 0], [25, 0]]], [3, 9]]
after explode:   [[[[0, 8], [6, 19]], [[0, 13], [25, 0]]], [3, 9]]
after split:     [[[[0, 8], [6, [9, 10]]], [[0, 13], [25, 0]]], [3, 9]]
after explode:   [[[[0, 8], [15, 0]], [[10, 13], [25, 0]]], [3, 9]]
after split:     [[[[0, 8], [[7, 8], 0]], [[10, 13], [25, 0]]], [3, 9]]
after explode:   [[[[0, 15], [0, 8]], [[10, 13], [25, 0]]], [3, 9]]
after split:     [[[[0, [7, 8]], [0, 8]], [[10, 13], [25, 0]]], [3, 9]]
after explode:   [[[[7, 0], [8, 8]], [[10, 13], [25, 0]]], [3, 9]]
after split:     [[[[7, 0], [8, 8]], [[[5, 5], 13], [25, 0]]], [3, 9]]
after explode:   [[[[7, 0], [8, 13]], [[0, 18], [25, 0]]], [3, 9]]
after split:     [[[[7, 0], [8, [6, 7]]], [[0, 18], [25, 0]]], [3, 9]]
after explode:   [[[[7, 0], [14, 0]], [[7, 18], [25, 0]]], [3, 9]]
after split:     [[[[7, 0], [[7, 7], 0]], [[7, 18], [25, 0]]], [3, 9]]
after explode:   [[[[7, 7], [0, 7]], [[7, 18], [25, 0]]], [3, 9]]
after split:     [[[[7, 7], [0, 7]], [[7, [9, 9]], [25, 0]]], [3, 9]]
after explode:   [[[[7, 7], [0, 7]], [[16, 0], [34, 0]]], [3, 9]]
after split:     [[[[7, 7], [0, 7]], [[[8, 8], 0], [34, 0]]], [3, 9]]
after explode:   [[[[7, 7], [0, 15]], [[0, 8], [34, 0]]], [3, 9]]
after split:     [[[[7, 7], [0, [7, 8]]], [[0, 8], [34, 0]]], [3, 9]]
after explode:   [[[[7, 7], [7, 0]], [[8, 8], [34, 0]]], [3, 9]]
after split:     [[[[7, 7], [7, 0]], [[8, 8], [[17, 17], 0]]], [3, 9]]
after explode:   [[[[7, 7], [7, 0]], [[8, 25], [0, 17]]], [3, 9]]
after split:     [[[[7, 7], [7, 0]], [[8, [12, 13]], [0, 17]]], [3, 9]]
after explode:   [[[[7, 7], [7, 0]], [[20, 0], [13, 17]]], [3, 9]]
after split:     [[[[7, 7], [7, 0]], [[[10, 10], 0], [13, 17]]], [3, 9]]
after explode:   [[[[7, 7], [7, 10]], [[0, 10], [13, 17]]], [3, 9]]
after split:     [[[[7, 7], [7, [5, 5]]], [[0, 10], [13, 17]]], [3, 9]]
after explode:   [[[[7, 7], [12, 0]], [[5, 10], [13, 17]]], [3, 9]]
after split:     [[[[7, 7], [[6, 6], 0]], [[5, 10], [13, 17]]], [3, 9]]
after explode:   [[[[7, 13], [0, 6]], [[5, 10], [13, 17]]], [3, 9]]
after split:     [[[[7, [6, 7]], [0, 6]], [[5, 10], [13, 17]]], [3, 9]]
after explode:   [[[[13, 0], [7, 6]], [[5, 10], [13, 17]]], [3, 9]]
after split:     [[[[[6, 7], 0], [7, 6]], [[5, 10], [13, 17]]], [3, 9]]
after explode:   [[[[0, 7], [7, 6]], [[5, 10], [13, 17]]], [3, 9]]
after split:     [[[[0, 7], [7, 6]], [[5, [5, 5]], [13, 17]]], [3, 9]]
after explode:   [[[[0, 7], [7, 6]], [[10, 0], [18, 17]]], [3, 9]]
after split:     [[[[0, 7], [7, 6]], [[[5, 5], 0], [18, 17]]], [3, 9]]
after explode:   [[[[0, 7], [7, 11]], [[0, 5], [18, 17]]], [3, 9]]
after split:     [[[[0, 7], [7, [5, 6]]], [[0, 5], [18, 17]]], [3, 9]]
after explode:   [[[[0, 7], [12, 0]], [[6, 5], [18, 17]]], [3, 9]]
after split:     [[[[0, 7], [[6, 6], 0]], [[6, 5], [18, 17]]], [3, 9]]
after explode:   [[[[0, 13], [0, 6]], [[6, 5], [18, 17]]], [3, 9]]
after split:     [[[[0, [6, 7]], [0, 6]], [[6, 5], [18, 17]]], [3, 9]]
after explode:   [[[[6, 0], [7, 6]], [[6, 5], [18, 17]]], [3, 9]]
after split:     [[[[6, 0], [7, 6]], [[6, 5], [[9, 9], 17]]], [3, 9]]
after explode:   [[[[6, 0], [7, 6]], [[6, 14], [0, 26]]], [3, 9]]
after split:     [[[[6, 0], [7, 6]], [[6, [7, 7]], [0, 26]]], [3, 9]]
after explode:   [[[[6, 0], [7, 6]], [[13, 0], [7, 26]]], [3, 9]]
after split:     [[[[6, 0], [7, 6]], [[[6, 7], 0], [7, 26]]], [3, 9]]
after explode:   [[[[6, 0], [7, 12]], [[0, 7], [7, 26]]], [3, 9]]
after split:     [[[[6, 0], [7, [6, 6]]], [[0, 7], [7, 26]]], [3, 9]]
after explode:   [[[[6, 0], [13, 0]], [[6, 7], [7, 26]]], [3, 9]]
after split:     [[[[6, 0], [[6, 7], 0]], [[6, 7], [7, 26]]], [3, 9]]
after explode:   [[[[6, 6], [0, 7]], [[6, 7], [7, 26]]], [3, 9]]
after split:     [[[[6, 6], [0, 7]], [[6, 7], [7, [13, 13]]]], [3, 9]]
after explode:   [[[[6, 6], [0, 7]], [[6, 7], [20, 0]]], [16, 9]]
after split:     [[[[6, 6], [0, 7]], [[6, 7], [[10, 10], 0]]], [16, 9]]
after explode:   [[[[6, 6], [0, 7]], [[6, 17], [0, 10]]], [16, 9]]
after split:     [[[[6, 6], [0, 7]], [[6, [8, 9]], [0, 10]]], [16, 9]]
after explode:   [[[[6, 6], [0, 7]], [[14, 0], [9, 10]]], [16, 9]]
after split:     [[[[6, 6], [0, 7]], [[[7, 7], 0], [9, 10]]], [16, 9]]
after explode:   [[[[6, 6], [0, 14]], [[0, 7], [9, 10]]], [16, 9]]
after split:     [[[[6, 6], [0, [7, 7]]], [[0, 7], [9, 10]]], [16, 9]]
after explode:   [[[[6, 6], [7, 0]], [[7, 7], [9, 10]]], [16, 9]]
after split:     [[[[6, 6], [7, 0]], [[7, 7], [9, [5, 5]]]], [16, 9]]
after explode:   [[[[6, 6], [7, 0]], [[7, 7], [14, 0]]], [21, 9]]
after split:     [[[[6, 6], [7, 0]], [[7, 7], [[7, 7], 0]]], [21, 9]]
after explode:   [[[[6, 6], [7, 0]], [[7, 14], [0, 7]]], [21, 9]]
after split:     [[[[6, 6], [7, 0]], [[7, [7, 7]], [0, 7]]], [21, 9]]
after explode:   [[[[6, 6], [7, 0]], [[14, 0], [7, 7]]], [21, 9]]
after split:     [[[[6, 6], [7, 0]], [[[7, 7], 0], [7, 7]]], [21, 9]]
after explode:   [[[[6, 6], [7, 7]], [[0, 7], [7, 7]]], [21, 9]]
after split:     [[[[6, 6], [7, 7]], [[0, 7], [7, 7]]], [[10, 11], 9]]
after split:     [[[[6, 6], [7, 7]], [[0, 7], [7, 7]]], [[[5, 5], 11], 9]]
after split:     [[[[6, 6], [7, 7]], [[0, 7], [7, 7]]], [[[5, 5], [5, 6]], 9]]
reduction:       [[[[6, 6], [7, 7]], [[0, 7], [7, 7]]], [[[5, 5], [5, 6]], 9]]
------------------------


['[[[[6, 6], [7, 7]], [[0, 7], [7, 7]]], [[[5, 5], [5, 6]], 9]]']

Magnitude is 2922

Done!
[Finished in 111ms]